{
 "cells": [
  {
   "cell_type": "code",
   "execution_count": 47,
   "metadata": {
    "collapsed": true
   },
   "outputs": [],
   "source": [
    "import pandas as pd\n",
    "import numpy as np\n",
    "import matplotlib as mpl\n",
    "import matplotlib.pyplot as plt\n",
    "\n",
    "%matplotlib inline"
   ]
  },
  {
   "cell_type": "code",
   "execution_count": 48,
   "metadata": {
    "collapsed": false
   },
   "outputs": [],
   "source": [
    "data = pd.read_csv('iris.data', header=None)"
   ]
  },
  {
   "cell_type": "code",
   "execution_count": 49,
   "metadata": {
    "collapsed": true
   },
   "outputs": [],
   "source": [
    "data[4] = pd.Categorical(data[4]).codes"
   ]
  },
  {
   "cell_type": "code",
   "execution_count": 50,
   "metadata": {
    "collapsed": false
   },
   "outputs": [
    {
     "data": {
      "text/html": [
       "<div>\n",
       "<style>\n",
       "    .dataframe thead tr:only-child th {\n",
       "        text-align: right;\n",
       "    }\n",
       "\n",
       "    .dataframe thead th {\n",
       "        text-align: left;\n",
       "    }\n",
       "\n",
       "    .dataframe tbody tr th {\n",
       "        vertical-align: top;\n",
       "    }\n",
       "</style>\n",
       "<table border=\"1\" class=\"dataframe\">\n",
       "  <thead>\n",
       "    <tr style=\"text-align: right;\">\n",
       "      <th></th>\n",
       "      <th>0</th>\n",
       "      <th>1</th>\n",
       "      <th>2</th>\n",
       "      <th>3</th>\n",
       "      <th>4</th>\n",
       "    </tr>\n",
       "  </thead>\n",
       "  <tbody>\n",
       "    <tr>\n",
       "      <th>0</th>\n",
       "      <td>5.1</td>\n",
       "      <td>3.5</td>\n",
       "      <td>1.4</td>\n",
       "      <td>0.2</td>\n",
       "      <td>0</td>\n",
       "    </tr>\n",
       "    <tr>\n",
       "      <th>1</th>\n",
       "      <td>4.9</td>\n",
       "      <td>3.0</td>\n",
       "      <td>1.4</td>\n",
       "      <td>0.2</td>\n",
       "      <td>0</td>\n",
       "    </tr>\n",
       "    <tr>\n",
       "      <th>2</th>\n",
       "      <td>4.7</td>\n",
       "      <td>3.2</td>\n",
       "      <td>1.3</td>\n",
       "      <td>0.2</td>\n",
       "      <td>0</td>\n",
       "    </tr>\n",
       "    <tr>\n",
       "      <th>3</th>\n",
       "      <td>4.6</td>\n",
       "      <td>3.1</td>\n",
       "      <td>1.5</td>\n",
       "      <td>0.2</td>\n",
       "      <td>0</td>\n",
       "    </tr>\n",
       "    <tr>\n",
       "      <th>4</th>\n",
       "      <td>5.0</td>\n",
       "      <td>3.6</td>\n",
       "      <td>1.4</td>\n",
       "      <td>0.2</td>\n",
       "      <td>0</td>\n",
       "    </tr>\n",
       "  </tbody>\n",
       "</table>\n",
       "</div>"
      ],
      "text/plain": [
       "     0    1    2    3  4\n",
       "0  5.1  3.5  1.4  0.2  0\n",
       "1  4.9  3.0  1.4  0.2  0\n",
       "2  4.7  3.2  1.3  0.2  0\n",
       "3  4.6  3.1  1.5  0.2  0\n",
       "4  5.0  3.6  1.4  0.2  0"
      ]
     },
     "execution_count": 50,
     "metadata": {},
     "output_type": "execute_result"
    }
   ],
   "source": [
    "data.head()"
   ]
  },
  {
   "cell_type": "code",
   "execution_count": 51,
   "metadata": {
    "collapsed": false
   },
   "outputs": [
    {
     "name": "stdout",
     "output_type": "stream",
     "text": [
      "(150L, 4L) (150L, 1L)\n"
     ]
    }
   ],
   "source": [
    "x, y = np.split(data.values, (4,), axis=1)\n",
    "print x.shape,y.shape"
   ]
  },
  {
   "cell_type": "code",
   "execution_count": 52,
   "metadata": {
    "collapsed": true
   },
   "outputs": [],
   "source": [
    "# 仅使用前两个特征\n",
    "x = x[:, :2]"
   ]
  },
  {
   "cell_type": "markdown",
   "metadata": {},
   "source": [
    "## 建模"
   ]
  },
  {
   "cell_type": "code",
   "execution_count": 53,
   "metadata": {
    "collapsed": true
   },
   "outputs": [],
   "source": [
    "from sklearn.pipeline import Pipeline\n",
    "from sklearn.linear_model import LogisticRegression\n",
    "from sklearn.preprocessing import StandardScaler, PolynomialFeatures"
   ]
  },
  {
   "cell_type": "code",
   "execution_count": 54,
   "metadata": {
    "collapsed": true
   },
   "outputs": [],
   "source": [
    "lr = Pipeline([\n",
    "    ('sc', StandardScaler()),\n",
    "    ('poly', PolynomialFeatures(degree=3)),\n",
    "    ('clf', LogisticRegression())\n",
    "])"
   ]
  },
  {
   "cell_type": "code",
   "execution_count": 55,
   "metadata": {
    "collapsed": false
   },
   "outputs": [
    {
     "data": {
      "text/plain": [
       "Pipeline(steps=[('sc', StandardScaler(copy=True, with_mean=True, with_std=True)), ('poly', PolynomialFeatures(degree=3, include_bias=True, interaction_only=False)), ('clf', LogisticRegression(C=1.0, class_weight=None, dual=False, fit_intercept=True,\n",
       "          intercept_scaling=1, max_iter=100, multi_class='ovr', n_jobs=1,\n",
       "          penalty='l2', random_state=None, solver='liblinear', tol=0.0001,\n",
       "          verbose=0, warm_start=False))])"
      ]
     },
     "execution_count": 55,
     "metadata": {},
     "output_type": "execute_result"
    }
   ],
   "source": [
    "lr.fit(x, y.ravel())"
   ]
  },
  {
   "cell_type": "code",
   "execution_count": 56,
   "metadata": {
    "collapsed": false
   },
   "outputs": [
    {
     "name": "stdout",
     "output_type": "stream",
     "text": [
      "y_hat = [ 0.  0.  0.  0.  0.  0.  0.  0.  0.  0.  0.  0.  0.  0.  0.  0.  0.  0.\n",
      "  0.  0.  0.  0.  0.  0.  0.  0.  0.  0.  0.  0.  0.  0.  0.  0.  0.  0.\n",
      "  0.  0.  0.  0.  0.  0.  0.  0.  0.  0.  0.  0.  0.  0.  2.  2.  2.  1.\n",
      "  2.  1.  2.  1.  2.  1.  1.  1.  1.  1.  1.  2.  1.  1.  1.  1.  1.  1.\n",
      "  1.  1.  2.  2.  2.  2.  1.  1.  1.  1.  1.  1.  1.  2.  2.  1.  1.  1.\n",
      "  1.  1.  1.  1.  1.  1.  1.  1.  1.  1.  2.  1.  2.  1.  2.  2.  1.  2.\n",
      "  2.  2.  2.  2.  2.  1.  1.  2.  2.  2.  2.  1.  2.  1.  2.  1.  2.  2.\n",
      "  1.  1.  2.  2.  2.  2.  2.  1.  1.  2.  2.  2.  1.  2.  2.  2.  1.  2.\n",
      "  2.  2.  1.  2.  2.  1.]\n",
      "y_hat_prob [[  9.73498697e-01   1.84257154e-02   8.07558779e-03]\n",
      " [  8.55035680e-01   9.53865858e-02   4.95777340e-02]\n",
      " [  9.84620235e-01   8.31338564e-03   7.06637973e-03]\n",
      " [  9.86111906e-01   5.60638379e-03   8.28171048e-03]\n",
      " [  9.94800499e-01   3.33962270e-03   1.85987786e-03]\n",
      " [  9.95486884e-01   2.91680547e-04   4.22143578e-03]\n",
      " [  9.98680146e-01   7.11886058e-04   6.07968229e-04]\n",
      " [  9.67971894e-01   2.29892239e-02   9.03888186e-03]\n",
      " [  9.88104842e-01   1.87161058e-03   1.00235477e-02]\n",
      " [  9.02203223e-01   6.50897925e-02   3.27069850e-02]\n",
      " [  9.77233511e-01   8.17030108e-03   1.45961876e-02]\n",
      " [  9.92357352e-01   5.02599231e-03   2.61665568e-03]\n",
      " [  9.16126114e-01   4.92319472e-02   3.46419393e-02]\n",
      " [  9.96705956e-01   3.03099920e-04   2.99094389e-03]\n",
      " [  9.40108942e-01   9.60433818e-05   5.97950150e-02]\n",
      " [  9.94647609e-01   2.87221107e-10   5.35239039e-03]\n",
      " [  9.95486884e-01   2.91680547e-04   4.22143578e-03]\n",
      " [  9.73498697e-01   1.84257154e-02   8.07558779e-03]\n",
      " [  9.38370596e-01   4.18817488e-03   5.74412287e-02]\n",
      " [  9.98937536e-01   3.78333192e-04   6.84130588e-04]\n",
      " [  7.69197406e-01   1.63251965e-01   6.75506285e-02]\n",
      " [  9.96522135e-01   1.79187765e-03   1.68598779e-03]\n",
      " [  9.99856960e-01   8.53135750e-05   5.77265888e-05]\n",
      " [  8.90728401e-01   8.12156326e-02   2.80559660e-02]\n",
      " [  9.92357352e-01   5.02599231e-03   2.61665568e-03]\n",
      " [  7.60599939e-01   1.68809999e-01   7.05900616e-02]\n",
      " [  9.67971894e-01   2.29892239e-02   9.03888186e-03]\n",
      " [  9.53634847e-01   3.18615551e-02   1.45035975e-02]\n",
      " [  9.02451224e-01   7.13893769e-02   2.61593992e-02]\n",
      " [  9.84620235e-01   8.31338564e-03   7.06637973e-03]\n",
      " [  9.46103149e-01   3.22662264e-02   2.16306243e-02]\n",
      " [  7.69197406e-01   1.63251965e-01   6.75506285e-02]\n",
      " [  9.99897003e-01   1.00184212e-06   1.01995246e-04]\n",
      " [  9.98523987e-01   2.15064483e-07   1.47579811e-03]\n",
      " [  9.02203223e-01   6.50897925e-02   3.27069850e-02]\n",
      " [  8.91855560e-01   7.77877098e-02   3.03567306e-02]\n",
      " [  8.27606013e-01   1.04826356e-01   6.75676316e-02]\n",
      " [  9.02203223e-01   6.50897925e-02   3.27069850e-02]\n",
      " [  9.93481831e-01   1.07622497e-03   5.44194393e-03]\n",
      " [  9.42042625e-01   4.23080366e-02   1.56493389e-02]\n",
      " [  9.85982426e-01   9.72535749e-03   4.29221681e-03]\n",
      " [  7.32903109e-01   2.46441703e-01   2.06551873e-02]\n",
      " [  9.98652746e-01   3.14392483e-04   1.03286109e-03]\n",
      " [  9.85982426e-01   9.72535749e-03   4.29221681e-03]\n",
      " [  9.98937536e-01   3.78333192e-04   6.84130588e-04]\n",
      " [  9.16126114e-01   4.92319472e-02   3.46419393e-02]\n",
      " [  9.98937536e-01   3.78333192e-04   6.84130588e-04]\n",
      " [  9.92917146e-01   3.14336392e-03   3.93949022e-03]\n",
      " [  9.87152374e-01   5.35866410e-03   7.48896186e-03]\n",
      " [  9.37177244e-01   4.54726526e-02   1.73501037e-02]\n",
      " [  6.30560174e-04   1.91682274e-01   8.07687166e-01]\n",
      " [  3.57164511e-02   4.22215217e-01   5.42068332e-01]\n",
      " [  1.64202765e-03   2.37899278e-01   7.60458694e-01]\n",
      " [  2.80278351e-04   8.68126710e-01   1.31593012e-01]\n",
      " [  9.22357248e-03   3.99717449e-01   5.91058979e-01]\n",
      " [  4.29542219e-02   6.65430077e-01   2.91615701e-01]\n",
      " [  6.44142929e-02   4.03546930e-01   5.32038777e-01]\n",
      " [  9.00866122e-02   8.13972589e-01   9.59407987e-02]\n",
      " [  8.93205685e-03   3.62459723e-01   6.28608220e-01]\n",
      " [  1.48744325e-01   6.54163465e-01   1.97092210e-01]\n",
      " [  3.76142111e-06   9.87033295e-01   1.29629439e-02]\n",
      " [  6.50541580e-02   6.00350208e-01   3.34595634e-01]\n",
      " [  6.44818140e-06   7.72640048e-01   2.27353503e-01]\n",
      " [  3.53050845e-02   5.69037146e-01   3.95657769e-01]\n",
      " [  8.37100587e-02   6.48360596e-01   2.67929345e-01]\n",
      " [  7.58605127e-03   3.24026940e-01   6.68387009e-01]\n",
      " [  1.21340240e-01   6.21344130e-01   2.57315630e-01]\n",
      " [  2.01367859e-02   6.72085738e-01   3.07777476e-01]\n",
      " [  3.41539992e-06   6.58938531e-01   3.41058054e-01]\n",
      " [  4.69058515e-03   7.72189436e-01   2.23119978e-01]\n",
      " [  1.21215625e-01   5.46220654e-01   3.32563721e-01]\n",
      " [  2.36222354e-02   5.78095355e-01   3.98282410e-01]\n",
      " [  1.18855284e-03   4.99834867e-01   4.98976580e-01]\n",
      " [  2.36222354e-02   5.78095355e-01   3.98282410e-01]\n",
      " [  1.90420063e-02   4.60785545e-01   5.20172449e-01]\n",
      " [  1.13892787e-02   3.72607041e-01   6.16003680e-01]\n",
      " [  1.72902099e-03   2.29641485e-01   7.68629494e-01]\n",
      " [  6.59486777e-03   3.24361085e-01   6.69044047e-01]\n",
      " [  4.07927301e-02   5.94690955e-01   3.64516315e-01]\n",
      " [  1.08273365e-02   7.19058327e-01   2.70114337e-01]\n",
      " [  1.60267309e-03   8.28755372e-01   1.69641955e-01]\n",
      " [  1.60267309e-03   8.28755372e-01   1.69641955e-01]\n",
      " [  2.01367859e-02   6.72085738e-01   3.07777476e-01]\n",
      " [  1.51944680e-02   6.21612339e-01   3.63193193e-01]\n",
      " [  2.29284144e-01   5.67689724e-01   2.03026132e-01]\n",
      " [  2.30845469e-01   3.72179692e-01   3.96974838e-01]\n",
      " [  7.58605127e-03   3.24026940e-01   6.68387009e-01]\n",
      " [  3.09557583e-05   5.40273878e-01   4.59695167e-01]\n",
      " [  1.21340240e-01   6.21344130e-01   2.57315630e-01]\n",
      " [  6.32341077e-03   7.88651570e-01   2.05025019e-01]\n",
      " [  1.81025799e-02   7.49292495e-01   2.32604925e-01]\n",
      " [  4.73038894e-02   5.57995104e-01   3.94701007e-01]\n",
      " [  9.02485261e-03   6.97680372e-01   2.93294775e-01]\n",
      " [  6.41275677e-03   9.21764100e-01   7.18231433e-02]\n",
      " [  2.99544126e-02   7.03665818e-01   2.66379769e-01]\n",
      " [  9.49285660e-02   6.22518478e-01   2.82552956e-01]\n",
      " [  6.64118437e-02   6.43866612e-01   2.89721545e-01]\n",
      " [  2.99930888e-02   5.38469865e-01   4.31537046e-01]\n",
      " [  5.28312927e-02   7.96681924e-01   1.50486784e-01]\n",
      " [  4.29542219e-02   6.65430077e-01   2.91615701e-01]\n",
      " [  6.44142929e-02   4.03546930e-01   5.32038777e-01]\n",
      " [  2.01367859e-02   6.72085738e-01   3.07777476e-01]\n",
      " [  1.65753288e-04   1.57711318e-01   8.42122928e-01]\n",
      " [  2.45693650e-02   5.02485275e-01   4.72945359e-01]\n",
      " [  1.75482752e-02   4.18647862e-01   5.63803862e-01]\n",
      " [  1.80691720e-08   7.50007066e-02   9.24999275e-01]\n",
      " [  2.67506974e-01   6.15789677e-01   1.16703349e-01]\n",
      " [  6.61836929e-06   9.04522175e-02   9.09541164e-01]\n",
      " [  1.87730969e-04   2.00288962e-01   7.99523307e-01]\n",
      " [  7.10288950e-05   2.28312597e-02   9.77097711e-01]\n",
      " [  2.43426927e-02   3.85119090e-01   5.90538217e-01]\n",
      " [  7.07330553e-03   4.42527945e-01   5.50398749e-01]\n",
      " [  3.34254584e-03   2.76398781e-01   7.20258673e-01]\n",
      " [  3.69195451e-03   7.52250126e-01   2.44057920e-01]\n",
      " [  3.59585342e-02   6.50720071e-01   3.13321395e-01]\n",
      " [  3.57164511e-02   4.22215217e-01   5.42068332e-01]\n",
      " [  1.75482752e-02   4.18647862e-01   5.63803862e-01]\n",
      " [  2.31942606e-09   1.20726513e-03   9.98792733e-01]\n",
      " [  6.86189884e-11   1.71026417e-02   9.82897358e-01]\n",
      " [  6.44818140e-06   7.72640048e-01   2.27353503e-01]\n",
      " [  1.74941260e-03   2.25673542e-01   7.72577045e-01]\n",
      " [  5.36858322e-02   6.74623227e-01   2.71690941e-01]\n",
      " [  5.79133105e-10   3.87901810e-02   9.61209818e-01]\n",
      " [  9.19641586e-03   4.98512181e-01   4.92291403e-01]\n",
      " [  9.65541638e-03   2.61283432e-01   7.29061152e-01]\n",
      " [  4.75253353e-05   1.38757679e-01   8.61194796e-01]\n",
      " [  2.01733478e-02   5.43098455e-01   4.36728197e-01]\n",
      " [  4.73038894e-02   5.57995104e-01   3.94701007e-01]\n",
      " [  1.28600543e-02   4.53590775e-01   5.33549170e-01]\n",
      " [  4.19969332e-05   1.30539944e-01   8.69418059e-01]\n",
      " [  6.49465175e-07   5.70775666e-02   9.42921784e-01]\n",
      " [  3.65156544e-12   1.33335627e-03   9.98666644e-01]\n",
      " [  1.28600543e-02   4.53590775e-01   5.33549170e-01]\n",
      " [  1.65789941e-02   5.01650525e-01   4.81770481e-01]\n",
      " [  5.76979932e-03   6.00464761e-01   3.93765440e-01]\n",
      " [  1.36228233e-09   7.08822769e-02   9.29117722e-01]\n",
      " [  9.52224366e-02   3.17761531e-01   5.87016032e-01]\n",
      " [  2.97079449e-02   4.49615470e-01   5.20676585e-01]\n",
      " [  5.54882282e-02   5.81327940e-01   3.63183832e-01]\n",
      " [  1.64202765e-03   2.37899278e-01   7.60458694e-01]\n",
      " [  7.58605127e-03   3.24026940e-01   6.68387009e-01]\n",
      " [  1.64202765e-03   2.37899278e-01   7.60458694e-01]\n",
      " [  2.01367859e-02   6.72085738e-01   3.07777476e-01]\n",
      " [  4.13119512e-03   2.63689904e-01   7.32178901e-01]\n",
      " [  9.65541638e-03   2.61283432e-01   7.29061152e-01]\n",
      " [  6.59486777e-03   3.24361085e-01   6.69044047e-01]\n",
      " [  1.18855284e-03   4.99834867e-01   4.98976580e-01]\n",
      " [  1.75482752e-02   4.18647862e-01   5.63803862e-01]\n",
      " [  1.32507100e-01   3.42354280e-01   5.25138620e-01]\n",
      " [  6.50541580e-02   6.00350208e-01   3.34595634e-01]]\n",
      "准确度: 80.67%\n"
     ]
    }
   ],
   "source": [
    "y_hat = lr.predict(x)\n",
    "y_hat_prob = lr.predict_proba(x)\n",
    "print 'y_hat =', y_hat\n",
    "print 'y_hat_prob', y_hat_prob\n",
    "print '准确度: %.2f%%' % (100 * np.mean(y_hat == y.ravel()))"
   ]
  },
  {
   "cell_type": "markdown",
   "metadata": {},
   "source": [
    "## 绘图"
   ]
  },
  {
   "cell_type": "code",
   "execution_count": 64,
   "metadata": {
    "collapsed": false
   },
   "outputs": [
    {
     "name": "stdout",
     "output_type": "stream",
     "text": [
      "(500L, 500L) (500L, 500L)\n"
     ]
    }
   ],
   "source": [
    "# 以下几段都是绘制背景涂色\n",
    "# x轴，特征1\n",
    "# y轴，特征2\n",
    "M, N = 500, 500\n",
    "x1_min, x1_max = x[:, 0].min(), x[:, 0].max()\n",
    "x2_min, x2_max = x[:, 1].min(), x[:, 1].max()\n",
    "t1 = np.linspace(x1_min, x1_max, M)\n",
    "t2 = np.linspace(x2_min, x2_max, N)\n",
    "#x1 的每一行是t1，行数是t2的长度\n",
    "#x2 的每一列是t2，列数是t1的长度\n",
    "x1, x2 = np.meshgrid(t1, t2)\n",
    "print x1.shape,x2.shape\n",
    "\n",
    "#flat将所有数值展开，变成一个ndarray\n",
    "#stack 合并\n",
    "x_test = np.stack((x1.flat, x2.flat), axis=1)"
   ]
  },
  {
   "cell_type": "code",
   "execution_count": 58,
   "metadata": {
    "collapsed": false
   },
   "outputs": [],
   "source": [
    "mpl.rcParams['font.sans-serif'] = [u'simHei']\n",
    "cm_light = mpl.colors.ListedColormap(['#77E0A0','#FF8080','#A0A0FF'])\n",
    "cm_dark = mpl.colors.ListedColormap(['g','r','b'])"
   ]
  },
  {
   "cell_type": "code",
   "execution_count": 59,
   "metadata": {
    "collapsed": true
   },
   "outputs": [],
   "source": [
    "#预测\n",
    "y_hat = lr.predict(x_test)\n",
    "#使之与输入形状相同\n",
    "y_hat = y_hat.reshape(x1.shape)"
   ]
  },
  {
   "cell_type": "code",
   "execution_count": 60,
   "metadata": {
    "collapsed": true
   },
   "outputs": [],
   "source": [
    "import matplotlib.patches as mpatches"
   ]
  },
  {
   "cell_type": "code",
   "execution_count": 65,
   "metadata": {
    "collapsed": false
   },
   "outputs": [
    {
     "data": {
      "image/png": "iVBORw0KGgoAAAANSUhEUgAAAYcAAAEcCAYAAAAsv3j+AAAABHNCSVQICAgIfAhkiAAAAAlwSFlz\nAAALEgAACxIB0t1+/AAAIABJREFUeJzsnWd4VEUXgN/Z3WwKAULvvYYqVVGqNKUrgo2mfmLFiiKK\nithQUUFUBFEQBBQUFVBAAQGRDgHpPXQIBAgJyfb5fswNLJvdZJNsskm47/PcJ9l7586c2+ZMOeeM\nkFKio6Ojo6PjjiHYAujo6Ojo5D105aCjo6OjkwZdOejo6OjopEFXDjo6Ojo6adCVg46Ojo5OGnTl\noKOjo6OThhtWOQghqgghwrT/zUKIMUKINn6cFy6EiMrkZs4gz+JCiKoe+2oLIdpm5xp1cgYhxEAh\nxE4hRNEA5NVDCBGi/W8QQnwkhLgvE+eXFkIY3X43E0K84/7OCSH6CiEqZJDPbUKIaB/H2gkh7hdC\nRGaQR6gQIjITm/D3OnMKIUQjIcR4IUR4gPM1uucphKiYyfPLevwOE0KUFUKYAiVjhkgpb7gNuAlw\nAiO13xHAZ9q+3h5phcfvCYDM5PZIBvKMAxI89o0HYoN9r/L7BpzIwvOSQEg6eT6hpQkHHgeGAPcD\n93nZmqaTTy3ABbzutu9XYB9g8uPajMAuYF6qvMCD7vID0UAK8HM6+RiAg8CvPo5/DViA2hnI83Um\n73GNPPB+9Eh9ltrvUOAWoCFQ12OrBzQFSnjkIbzk2xm4BNwFlAEuAB/6KVMJ4Ip7euBuTc50n0Eg\nt9zTQnkIKeU2IcRXwBtCiBXAfuArIAGoLISYgPpwa6M+igZup18BjgON/CzuopbHVYQQqefatL+F\ngWQhRF23ZMUA6bHPCBiklDu0nsYRYJiU8nM/Zck2Qoj2wN9ANSllbD4oywp8Afh7j+4C3gMcbnIM\nBz4CoqSUCVx7bg5glFaGFVXRu1MPpfi3+ijrTVSlMcFt36vAf8BrwFvpCSqldAohHgMWAz8JIfqh\nGjhIKe1CiNLAAmALMDCdfFxCiImo7yFKSnnJI0lHYJqUcn968gDJwCEpZc3UHUKIp4FRUsqybvva\no56rNYP8coNUGVK/0XLAugzOuQulxBFCjAaqCiEeklotrtEfCAP+lVLGCSFGAFOEEKullIsyyP8R\n7dyZbvuStb+2tMlzhhtGOWhd2FJAdaAm6maHAutRLatY4CSq4j8G/AycAs57ZGUDBOrhZZX5qJfQ\ngmoNRGiyrHFLUwgI8dhnJHOKKSfYg6pozmUnE+2j+lVKuS2Hy7ID56WUe/2U6zTg8vjQUyuQ1A/U\nrv11SSl9DhcIISx4NAzcjrUBHgBelFJeTt0vpdwthPgUGCWE+EtKudbLuQbUO2OTUq4RQjwAPEfa\nYeIGWvm9gRQhRChglFImCyFKoJRgCkrJhQM/auUaUe/fk6h3rRowSwgRhXr3Dai644qUMsmtPKev\ne+GDzKbPCSSA2/M+DpRF9eSvPjut/iikbZfdzt8KjETd58e1tKVRPbjVQHEhRHHgH+Bl4JAQoh7q\n206WUh5wF0Z7Rs8B86WUO9ITXAhREqWknpRS/pf5S0+fAq8chBC1gFUoxZDItcr/GPAGajigOvAT\nMF5KecHt3Jqolr87TqAicDoTYlynSNxbVlo5HwIDpJTl3faNB3p4pg02UsqzwPcByOpNlEL2qRwC\nVFZWKiCHx2+7Jo/dbZ9TSulP3p69CYQQhYHvUD1Wbz2a14HbgQVCiM5SyhiP47VRihOPYfsUtzLc\nlZt7A2cV0B5VKV5BKTwH4F7JG7XjAA9rf//xIufzqOHPVCRQw6Nsb/K4pw8KQoifUPVfMbffYcAE\nKeVfnuk15ZHE9fcJKeUCIURf4BchhFVK+SzwIkrZtkY1PkEpcwOqRxiibT+j6h93nkc1HGdkIL8B\n+Ba4GaiK6m0GlAI/Ia1p5o5AcSllcSllYyllT1SlVBzohHpgzwLHhRDfCSG6CCEiUBp8t8fEowGl\nWIplsJVCfYTFuL576I2jwNzUH1rLIxmYnY1L11FcrYCEEDcJIaSPrZO3c3xgwK0izgKTUA2MwR4K\nRxWuWqzdgbPAaiHEgx5JjgLNUD3gMqh3LRr1XsZpaUoBn6DmQ0pp6aqgWrRIKS9IKV8A3gXaAotQ\nw1hWYL92rBAwCHhBSimklAI1lDkaVfl96SGXUTvu/h28rMnkvq+nlj6Y9c8a4A/UNQIsAZYCF90n\n+D0RijCtcgZAGyYaCuwSQlQHntEOPSmljJJSRqG+5c3a70JSSrOU8n6PvKuiGqyQzvul9WImot6R\nQVLKBf5edKbIrcmNvLYBf6K0rdB+R6G09gZUa8+FqiRme5w3BvUBRAL1Ua2DXqhJyvdQL8EW1MOV\nwL0ZyBEGbER98BW0fQO1c8Pc0jXzOK+qluZpP671IWAvqusbA3TzkuZFVOVyEfgG1XqNB57zSNde\nK7eqj7IGoSZJk7X7NNLt2BB8T06295JXRmX1AbZr93ov8HTq83RLsxMYrf0freXXWrt/VbX/JdDa\nTUaLRx6PozUetd9PAOe0/43auxOGaom6b5bUst3O/UAr71XA7CmvR9piwHIt/SLU3Iu3dFVRjZ1d\nqEpKanIt0v7/Bijs49xXUD2jFtrv6ai5txqo+ZILQFG39HHAUz7y+lx7hxq4be+iei7u+x7S5Kqc\nyW82EjXk42uLzEI9sI/rJ/D3pvOOum91veRlRvWw4rU0Q9yOTUf1IoT2bhR2f/ZcG0I+qZ3bySPv\nO7T9NbS8nCjFkHN1ZE5mntc27SORqG60r00C01DjwcM8PyrUxORhVLdfoiqmIyil4kC1QJ5HKYzm\nQPl05AnVPuBzQEO3/f20vFMV193ay/CZW5qq+KEcUD0iiRqbfAo1DuoEerml6Y9ShmNR48yxKCVy\nP3CTR37t8VFhA120Y78A/0O1XCWqhQxq+G6AtklgstvvMl7yS6+sezWZl6Mq72+1tM94pHNXDjU9\n83O7j7dov4eQsXIYBRzX/q9L+pXIaLfzntH2fQX8kMF5qdstqAp2G26VtJafQbvPF4BNqB5C6r01\na2mGod7Rg0BLj/NroYaW3nTbFwkc0J7/DFRl/7V2zKzd896ez0M7/qYmp/t2AqV8PPdvI/PKYbS/\n99rP/Kq4nbsG9Z1Fa/vLoRTORE3WVAVUEVVBm73kVxnV0HvMz2db1u05zkY1JlK/IV/K4V9U7y7d\nRmdA6sucLiAvbdqDXqP93wg1Xur5wewCXkonj89R471GoJTHsSS01gKqNVkPZdIW4SWf4sBK7YFP\n9zh2D9fmyPqjJsF/QjO30/ZXJQPlgGqdJAK/uO0zah/+YY/7stnt99OoyTJvebbHd4Wd+vEW9th3\nn5e017WsMlOW9jEdR2uJue1fDfznkTYnlMNkYL32fzjQCmUe3ZDrW8hWrlcOIaiKw6DJ0ghop5X/\nMtebTb7O9RWI2S0foaXfg2qQfAiEasf+p50X6Za+Ocq4wr2HUBTVSt6Am9ks6n3trOVZEXgB2Ksd\nq4+XVjPqXS+O9wrzaeCMj+drIhOtfVTjolM6W/VM1gcjuFZR/4z69g0eacbi9m2kk1dN7W8Eqhcp\nUQ2zVKXyI2pEobx2X2uijANSz38ZGAyUxLtySG0wxqH1cnN6K/AT0h64Tw4eR3X/lgghOqKGF0ai\nWgyeE4DuFEK1xCKA57T5iOKoVls48IkQYhLXJqEtqAnEVEsXhBA3oyZajajKyytCiA+A4agP9TUp\nZZrJzQy4FdUS/DZ1h1Tmj9OACUKIWlLNyWwGhgjldHccNSZ8OJNlgWo1AXwqhJgObJFSjs5CPhlR\nG/WBjZXalwMgpczIaTB1nLisECJ10rmsxzFvpDqphUg1R9AM2KGVmYIP00fPSVjt3Mnaz4Nampba\n7/XSzaJKCOFE9fDitHNtbvlIIUR5VAu/n5TS/R3agBoqqYf2PKSUm7VyHpFSbtL2JQghXkd9E4uE\nEANR38OPwCQp5cuaHCuAcZplTAtUT+OQx6WORSk9zwlyn/fCjX0oZZghUsrDZO299CZPKEpx/Q10\nQA0XbwMeEEIkoN6xSW7pQ1BzMr+k3kMPfhBC/COlfF5ozrUoi6cz2vkpgF1KecrHtX2opSvpIadA\nNU7GabvukFL6Mo0OKAV+QtoD90mki1LKt1Hj/DGo4Z2xKKelZenkURbl3JIMNEG1zo+jhpPsqMnn\n9qgWaSEpZbiU8njqyUJ5rv6ImmNorv31pLL2dwjQU0o5MguKAVQrBNJaVqW+oKW1v6vc/h4GGqOZ\n5WUGKeUfqKGrVqix10tCiJ+0CfZAUkL7eyaT56V6rK5DPbPjXKvY0zNNDk09X/t4G6J6KYGgGapF\n6NlIKA2c9fbcNRlmoOYLHEKIuqkbynqlDlDSY39hlEVNc62iQ0o5D1iLup9bgbdRPYqpbsXtQPU+\n70BVoqtl2kn0T1HOYbVQZq/VUL4bySjn0vMo5ZGMGiarhhqaaYqaowoGz6K+jykAUsrtwEvAb6jv\nbqRH+iKouabPhIcGFMqzvBnXLJNSKSmEqKpNNEcCoUKIakKImkKIhiIDb2chxK2o5/M516zFLvg+\nI7DcaD2HCOA2t1YjkLa14/G7Yqr21ygH7JHKjLGb2zlGVMvChhqzbAGUFsoNvoSUsi+oFqAQojNq\nWMfpXpYQ4jbUcEJXbVcDKWV2bPxTTRjLeexPNZlNzXsyymLrd1QvaKfWIs40UsovgS812+5eqNbX\nJ6ix8EARr/31DDHQA+WV/LRM68gFqqIr7CPP9K53KmrOJglVgUiUr0oguBPYLd1MqDVKc02Je9Id\n9cwsqN6Fe6u8iPb3J9x6q6ihqFCUEqyIplillKeFEO1QPdlXgWVSyiOpJ2nv6BKU0m+EsuC7Dinl\nPvffWqX2BErZXNJk/AalzN5AzVl4mgvnGkKIW4B3gPdxM/OVUo4TKuRFF+ALqfxBUo/FCyHeBj5G\nWXy5m1gPQ1mWeb4Tb6KuGZRyMKKGloyohkplfDdwzKgRgzCUNVlhrtULuUNujF3lxw31MVhIa/0S\nj3qpvkJNAh5CWfikWjc5URYHG4GFqMntsemUswhlfZA6ibUG1YORGchXlWzOOXBtwvsoMNTP+9Ie\n33MOX5J2/uQvYIeXtPEo7+5Ml4XqAZ5Atarc5xzmoixt3Mdy95CJiUpUq9Hm41gR7dnO0H6XQ01g\n1uSa9ZP7Zk2vbNTQhR238Blux5YBCzL5zhbV7ush1ERyuUycO51rxhr3ehxLnQw9g5sFnY98+qOU\n0l+oCu7qnANqXsCB8ugukZlrC+SGagDNRSnLTu7fGso72YU2f4HbnANqeDFW21LneKqg6ol33fJI\nnXMY4nF/1/sh29U5B+3/VMOC1Gfg+S0UQY1QBPw+3RA9ByFEKVTLyYpvp6gQNGsMqVrrUcBpqT0B\nLZ9yaC1rlO/ECWAFylrpKGpS6ykp5TSP8n3aTbsxBWVf/rcQ4h4f1/E0yuTuU7fd7X10T7+VUl4W\nQowCxgshfkV9sPeiWoB3uV3bZmCMNvxzDKVQjsj0vZe9sRmYKoRIQg1T1EYNRUz1kvYv4HkhhA11\n75tKKR/2ki4NUoV7eBmYBfwphPgZNUR3D/CGvN45zQxECY/AhulQEi89am0oYSpK4b6u7R6BGp5w\ncc1r2h0zPoZutWc2BeVt+4WXJKXIOIyDe36hqNbsJdRwzQ/AUiFEf5mBd7gQ4j1Ua7g3yox6lhAi\nTnsXTahwEaCeU0nUe++ZR3VUS7cvSmnfJVUv+WoaKeUyIcTjqN7kYaHC1MyUHl7COY1UvbT+mtxX\n92vDba8Af0k1v+F5nl0I8SXKHPk+lCPj26j3ZbJneiBCKK9yUO+CUVzzMjdq++Kkj16UlNIzOoM3\n2gDfCiEekFIu9yO9/wRLe+dyS2EFSjEkoT4eb9sV1JDQH9o544FVHvncj9LevuzNk/ASZA812TXD\nxzl/4MNaCWjktq8Eyppio/a7KumbyVV1O/ch1MSfFTXp1s1LeSmorrHDLY9lpO05tffM3+P4MJTy\nvIKa6/gCLy0bVOU3D9XSTwbmeUmTUVl9UUNFKVyz8feU91gG98nXZnDLIxxlaiiB+932G/GwbvEo\n2wK852W/WcvPhapEPY9HaPfkNT/ebYGyLtqC6tVEu8k8S5Phbbz0IlCOcfNRiu0+t/PeRCmCRqje\ncQLKWuZf7X629sjnFa4Nb33O9ZZVzwLxHulvRnmHS9TQZo60fP2sG7pqcphQczX7ge5uxyehfXPa\n7+Ko70loz3GH57ur3UN/37OaXr4LCXTx8S08yjULqPJcM4kOeBDDoDyQvLyhJswGoirTTz2O/Y5q\nUfs695z2sKq6bQ1QViVrfJyzHPjeY199lKLxfJFSUBPUgbze1Mign2gv/UDUENdirdIoGsjygvA8\np7h/7H6kb48ar3c37/xIu/8+TZx95LUdNydAbd+dwG6tMn3C41hLVGt0u/ZMmvnItzSq5fsxqtfq\nQvUaSnlJ+yjK4smuvb/PcS18w7+onotnY6ElahjEoclSV9tfDDUk6UINy6QOvbRGVZK3eyn/BSDR\ny/5Us97hQX4/UqOyRmi/DaiK/2GUqa8DD0dYj/PNePgyoeYXJEop3+Jla6Xds454mLmjKn2Jskpy\n318I1QDyrBOcwOc5cm+C+WDy4oYac3ahTAKrue1PDbs7MZ1z30a1zj0f4EGguY9z1qCCbHnuD0eN\nZ1bVtiq4+TkE8HqNmty7UMNJdpSSW0omKtWCvGkVxp0ByCcC5dtyDO8e4WaUBdUqoE86+aRGC45F\nKa6MQmkXQbXu96PMVFP3FwfqeUn/Mqo3/RIeocu1a5iI6vG6K1Cjj7JfA6zBfobp3Ju7tG80ymN/\nA1Qv+zMyMXejnVsCP/x4fJxbRTvX6/PXnmWU25bGtyRQW+qEpI6GNu4YKaX0DLiXugBHEZlx6GId\nHa8IIYqhJkC9WVNlJp/SUsq4jFOmOS9USplhqGwhRDFv34DbcYPMmnm1Tj5BVw46Ojo6Omm40Zzg\ndHR0dHT8IN+askYULyyLViyZcUI/CLMasITmvx5yfpUbsi77hdgz2EwWr/7MIkFQuHgJIoqlu9Rx\ntrgR73mwcZc7LLFEBqnzFgbDFVyuQhknzEViY7ecl1KWyihdvlUORSuWZPDC0QHJq+G+SHbUSco4\nYR4jv8oNWZd9+Xtz2Lp7Ga5OHu4qEkxfm+nxyaNUalknQFKm5Ua858HGXe7olYODLE3miIxcSVJS\n+2CLcR1DhghvIXvSoA8r6eQrmj5wO4bthrRBBzYJCkUUoWKL2kGRSyfnyW+KIb+Tb3sOOjcmxaqW\nodv7j/LHK1OhFjiK2DCfDCMkJYz+s4b7jAqqk7/RFUPuoysHnXxHdI+WVL2tHnsWbeDKuQRK31eJ\nmp2aYAzRX+eCSFhiCfLfYFj+R/+adPIl4cUiaTqwY7DFuCEIdRm5OaUyUc7wjBMHkBCLMiwwVLXg\ncu3J1bIDhcFQNGiyp6SEcexYRZzOkCydrysHHR2ddLk5pTI1ilUkoljhXB22C0tU1ohGYyJOp69I\n63mbYMkupSQxMR44wZEj1bKUh64cdHR00iXKGZ6riiFVKehkHSEEhQuXIDw868vB6NZKOjo6GaIr\nhvxHdp+Z3nPQ0dHJFN/E/UWKy5ZxQj8JN5h5pHRnXTHkMfSeg46OTqYIpGJIzc8fxdCiRU2/8nvt\ntTQrmQaUHTu2sWNHZtfByn/oykFHR6dA8e6743M0/507t7FzZ8FXDvqwko6OTr6kd+/2NGnSgl27\n/mPevKXX7f/tt5UApKSk8Mgj/UhMvEyJEiWZOnUuJlPaas9bOpvNxlNPDeL8+Tiioxvy4Ydf8Pbb\nI/njj18AmDdvJvPnL8dqtTJs2BDOnDlF+fIV+eyzaTidTh55pB9JSRcpXrwMU6fOxWKx8L//9cdq\ntVCxYhUmTpyWK/cpq+jKQUdHJ1+yZct6Hn30GUaP/shnmv37d2MwGFi4cDXLly/hypUkxowZwcGD\n+66madPmdjp37p4m3Zw504mObsDLL49myJC72bXrP15//X1q1lSxu+6/fwgAM2d+Td26DZgyZQ4f\nffQWs2d/S5MmLTAYDPz++xL+/PNfrlxJ4vz5czz88FO0a9eJe++9g7i4s5QuXSZH71F20JWDTq5y\nZmcsp2IOUbN2J6xJKYRG5q5jlU7BoW7dBvTocXe6aRo1akrdug3o168L1arVok2b2/n448lp0kkp\n06Q7dGgfmzat5d9/V5KQcInTp09Sv36jNOfu37+b7t2VHE2b3szy5YsZPPgx6tZtwN1396ZatWja\ntLmdkJAQZs2aypw507h06QIWS0pgbkQOoc856OQK1svJfH//u8wa/B5/L/yBy+fP8/ktz7J74fpg\ni6aTTylUKOPQ7Dt3bqdly9uYN+9PEhIusn79P36nq1GjDkOHPsdvv63k1VffoWLFygCEhYWTkpIM\nKKVSp059Nm9W7/GWLeupW7f+1fzmz//tan6zZn1Dz573MGXKHCIi8lYYb2/oykEnV1gw/CvOOI7g\neMqGo5sdWUziGGBj8ahvObvLrwjCOnmEcIM5oPlFeFucI0BUrlyVr7/+jG7dbiUu7gw33dTc73QD\nBz7K8uWL6dmzLdOnf0WFCpUAaN++M7//Pp9u3W5j3bp/GDDgf+zbt4uePdty+PAB7rtvyNX8unbt\ndDW/du06M2HC+9x11+0AnD59MseuOxDk22VCyzWqJvX1HPKH3JdPxTOlyys4n7GDVq+Mqz2O4fuH\nI9YIooveTM+PHw+ukH6SX+65N7Iqe6/L9ahcO2shGFLJjg+DHj4j6xw5sofdu6Ov2zdkiNgipfSu\nJd3Qew46OU78odOYKpiuKgZ3ZGXJ2X3Hcl8onVxDd27Ln+jKQSfHiSxTDNc5J3hbofI8FClbPNdl\n0skddMWQf9GVg06OU6p2BYpWKAWbPWK9JEPIhlCaD+gSHMF0chRdMeRvdOWgkyvc9dkwwrdEEvJz\nKGwFEsE01UzjXu2o1q5hsMXTCSBhiSV1xVAA0P0cdHKF4tXK8viKj9j161qObtxNhLkwD0wfSblG\n2Zvo1Ml9yk38FuOVwNnou8ILceHh4QHLTycw6D2HG5zLpy+w+7f17F+6BXuKNUfLMhcKo8mDt9Nn\nwtMUKV9CVwz5lEAqBgBDyhW/0uWVwHuZYeTIEVk+t3fv9oETJAvoPYcbFKfdweJR09i7aAOGmiaE\nFeRwF53eHEije9oEWzwdnSyT04H3MsP773+A0xlsKbKGrhxuUFZ+OJd9MZtwPuPAGepQO+Pgr3dn\nElWxFJVvqRtcAXV0MiCQgfc+/fQ96tSpR7dufZgwYSxVqlSnS5ceaQLveSs3vTJ69uzGr78qr2yL\nxcKwYUM4deoERYtGMXXqXIxGY5qgfWZzWptvb8H9zGazz3sQCPRhpRsQW7KVbXNW4uhug1C3A6XB\n0drG2skLgiabjo6/bNmynubNW6VbKboH3hs4cChXriTx4ouP0bt3+6vbuHFj6NXrHpYvXwzA2rWr\n6Ny5OzNmTCE6ugELF64mLu40u3b957Vcb2V4Y8aMKdSv35jff19Djx592bt359WgfQsWrKJGjdrM\nnv2t13N9pfPnHmQVvedwA5Jw4jyGwgYo6uVgNYibqzul6eR9Ahl4D1Q4i8TEyxQpUpRChQr5DLzn\nWa63Mrxx8OBeevToC1yL6PrDD9PTBO3zhrfgfv7eg6yi9xxuQCKKReK87AC7l4MXIbx4/gxVoHNj\nEcjAewBNm7Zk8uTx3HFHLwCfgfc8y/W3jJo16xITswlQw1jffz/Va9A+b/hK5889yCq6crgBKVSq\nKOWa1EBs8Hj8DghZZ6bZ/Z2CI5hOnicssSSu8MBGFA10fu74G3gPoGfPe5g8eTxdu/YE8Bl4L6tl\nDBo0lP/+20rv3u3577+t9Os30GvQPm/4my6Q6IH3yL/B1LIjd8KJ88zoNwZbKQuO2jawQMi2UCrU\nrkW/Kc9jMBkDLO313Ij3PNgEIvBeMJzbgh28LjsEW/bsBN7T5xxuUIpWLMnQPz9gx0//cPCf7ZjD\nQ2k0ug3VOzTGYNQ7lDrXo3s833joyuEGJrRwOM0f6kLzhwpubKOE4+c4t/8khUoWoWyjagghMj5J\n5zpCLDk3rq2Td9GVg06BxJqYwoIXJnF0/R5MlUy44l1EFCrMXROHUaZ+lWCLl2+IXjkY6u0Jthg6\nQSDXxg+EEGWEEDHpHP9GCLFWCDEqt2TSKbj8Muwzjl7cjXOYHWv/FOyPW0m46TyzB4wl+UJisMXL\nF0SvHBxsEXSCSG72HMYBXleTF0LcDRillLcKIb4UQtSSUh7IRdl0ChDnD57i5LZDOJ92XHvDBdAI\nXEedbPthJbc+2TOYIuZ50lMMf/0FNlvgyjKboXPnwOWnExhypecghLgduAKc8ZGkPTBX+38F0DoX\nxNIpoJzZfgRRXXht+jiq2Ti+dW/uC5VPiF45OMMeQyAVQ2byC1bgvezk52/gvbwULDCVHDdlFUKY\ngT+BPsCvUsr2XtJ8A3wmpdwuhOgCNJVSjvWSbigwFKBE6ZLNJsz8KiAyhluMpITlv+hY+VVuyFnZ\nrYkpXDodhyzh5d1OgjBjJFEVs2Z9U9DveVhiiTT7qlYtSvXq1yrmBQsCb5rZq1d6Q31OwEizZo3Z\nsmV7wMvOWZTsweLw4YPExiZct++eezrkGVPWV4AvpJSX0rEUSeLakFMkPno0UsopwBRQfg6BsjfP\nr7br+VVuyFnZHVY7nz86CmufFHCfe06BkG/N9P9yOBXrhGUp74J6z1N7C96Oulx7ctxWP738U30F\npDRcly6nA+/16dM/TX7eyk1JSWHIkLu5eDGeqlVrEB3dkOeffxWAPn3aXA289+GHo7Hb7WzYsIbL\nlxP48ccllClTNk0Z3gL0uVwu/ve//litFipWrMLEidP8uq8uVxhJSU38SutJbgwrdQKeEkKsBG4S\nQkz1kmYL14aSGgOxuSCXTgHFFBpCr0+fwPSzGcPfBjgMbIaQ6aE06N6aCs1rBVvEPEV+nXjO6cB7\n/pZ74MCtCmQwAAAgAElEQVReypevyO+//0ts7KGrisEbR44cZMGCVfTt+wBr1qzwmsZbgL6zZ0/z\n8MNP8cMPizl+PJa4uLP+3KJskeM9Byll29T/NQXxiRDiHSmlu1XSr8A/QojywJ3ALTktl07Bpnr7\nRjz06xg2TV/K6V2HiSwVRdMPO1GtbQPd18GN/KoYIOcD7/lbbrlyFdi+fQu9erVl6NBn05Wnf/9B\nAJQsWRqbj8kWbwH6jh8/yqxZU5kzZxqXLl3AYgnsgkveyFU/B7f5hlEe+y8LIdoDnYEPpZQJ6OQ7\njm/cR9ye41RoVpOyDaoGWxyKVy9L1zH5t/LLafKzYoDMBd4bNeo9HnvsAdav/4e2bTt6TesZeM/f\nclesWMKLL75O9+53+SFzxnGkUgP0tW3bkU8/fY9SpUpz4sQxeva8h969+9O7d7sM8wgEecYJTkp5\nkWsWSzr5iDM7Y5kzeCy2RAsUAy5AeMnCDJr7BlGVSgVbPB0vZEcxmM2BN2XNKSpXrsqYMSMYP/5d\nQkPDMgy816NHa2JijmaqjIYNm3DffXcydepESpYszQsvjCI6ukGWZR40aChPPTWI3r3bU6xYCb76\nahZbt25kxIgnmT5dGeGcPn2SypWrZrkMf9AD75F/Jxnzgty2JAvjWzyJbOGCtqjmhg1YCqaDZp6P\n+QqDIe3UVl6QPSvkV7lBye443TfT59Wrt4dq1aIzTphDBDt4XUbMnPk18+fPwWQKISQkhKeeGs5t\nt7UHgi+7HnhPJ2is/mQ+srgL3Nc3MQPdwTHBRszMFTQbrIcA1ym4DBz4KAMHPhpsMQKOHn5TJ1vE\nrtsJ3tYnMQD14NDybbktko4XolcO9urD4C/5dYThRia7z0xXDjrZIjQyAnz5L12G0CIRuSqPTlqy\nO/GckhJGYmK8riDyEVJKEhPjSUnJmj8P6MNKOtmk1eM9+PnJ8cpLxd0Q4yKwD279tHeQJNOBwFgk\nHTtWEThBePi57AuUBQwGCy5X1iu5YBJM2VNSwrRnlzV05aCTLWp2vIlyjWpwevIh6ACUAU4AK6F2\nl+aUql0huALeoATSTNXpDOHIkWoByy+zREauzLKXb7DJz7LrykEn2wya9zprJvzGltlLsV6xEF60\nELeO6K1PRAeJ/O6/oJM30JVDASZu9zFi1+6mQtOaVGjqX0TLrNL62d60fjZ3h5CS4i6RciGRopVK\nYS6UP4cdAo2uGAoely6dITHxHKVKVSMsLOur8rlcTs6c2e93el05FEAuxJ5lWp/XcSTZ1DzAFTCE\nGXlgxsgcVxK5weWT8SwcMYXTMYcwFjXhuuyiYb/WdBz5AEbzjftK64qhYBEff4wpU57g0KF1mEzl\ncLlO07r1QzzwwPuYTJnzHFy37gfmzHkVq9X/c3RrpQKG0+lk6p2v4Khgg+dR23Bw1Xfy/f3vYEvK\n+ZgsOYk1KYUZ/cZwMvQAzucc2IZacAy1sWP9GhaNmBJs8YKGrhgKFikpiYwZ04EDB27F4TiJxbIL\nm20na9bsY8qUxzOV1+bNvzBt2stcvvw9Vuthv8/TlUMB499Pf0MaJNzNNeuhMOAOIAoWvfB18IQL\nALt+WYutRAqyjQtCtJ1FwHGXjQPLYrh0PDgWNcHCn8V5dPIfa9d+T0pKY1yu17i2mkF5bLYfiYlZ\nwLlzR/zKR0rJ3LljsNm+Bm7NlAy6cihg7Fu8UTmlea4voi2TeSyfr4J2aM127DW9BPYxg6GGgROb\n/B9T1dHJq2zfvgqbzVvE2UIYDJ3Zv3+NX/mkpFwmPv4gKqZp5rhxB2gLKKZQMyT7OJgCRi8LneQn\nzOFhYPF+TFgFIeE5GMUtD6H3Fgo2YWHhwCWvx4S4hNnsn3OpmptwoiqFzE1m6z2HAka7EffAXuCy\nxwELsAWaD+oSBKkCR8M+rQnZHgoOjwPnwHXCRbW2DYMiV26iK4aCT+vW9xIaOhnwnEHeg8u1kYYN\nu/qVj9kcTt26dyCE9zUs0kNXDgWM6u0aEVW5lFpM9T8gHtgDfA3miHBaPdkjuAJmk2ptG1C5UTSm\n2WY4gLq+LWCababTqAcLvEmrrhhuDBo06EJ0dD3M5k7AYtTL/jVmc2cefHBcpkxaBw4cS1jYOAyG\nEahKwT/y9xiDjlceW/ERC56ZxN4lG5EOCUao2rw+90x/IdiiZRthMHD3F8/w34+r2TLnL5LPX6ZU\n3UrcOqkXlW+pG2zxchRdMdw4GAwGnnlmNqtXf8tff73N5ctnqVSpEb16zaJu3cwt9lO2bG3eeWcD\nixZ9QkxMPy55H61Kg76eA/k3Rn9GcjssNpLjEwkvHklIeGi2ykq5mITDaieydFGEl/UZAOwpVlIu\nJBFRojCmsPTH/gvqPc8JAqUUVCiH9gHJKzfJr3JD3pRdX8/hBsZhtfP3Bz/w39x/ECHgsknqdGtB\nlzcGElo4POMM3Ijbc5wlb04jbscxRIggtHAE7V7sT8O7b7uaxpqYwl9vz2Tv75swmAXSDo36t6HD\niPswhYakk7tORui9BZ1goSuHAsgvT3/GsVN7cfzPDlFAEuxbuZHzA08w+OfRGIz+TTVdPBrHrPvf\nxdbaAi8CRnAcS+DP97/DZXfQ+N52SJeLOQPHct50EucTDpyRwCX4b9lqLj51lv5Th+fkpRZodMWg\nE0z0CekCxtmdRzm2ZR+OuzTFABAJzm4OLsaf5cjqHX7nte6rhdgbW6E5qhkhgCrg6GNj1cfzcDld\nHF61kwvxZ3B2c1yzlIsCRx87x2P2c3Zn5tbj1dEd23TyBrpyKGDErt2Nq44zbZ/QAPY6Vg6t2u53\nXodXb0fW9zInVQEc2Llw5AyHV2/HXsea9k0ygauOk9g1uzJ9DTcyulLQySvoyqGAYQwxIRw+Hqtd\nZCownSHEBHYvB1wg7RJjiAljSAg4hNfzhd2AIcTTVVvHF7pi0MlL6MqhgFGrcxPl13DF44ANQnaF\nEN3tFr/zqtejFcYYL8pkP0SWjCKqcimiu7fEtCMEPCNaJAN7oXbXZpm8ghsPfRhJJy+iK4cCRtGK\nJWk2sCMhs8ywD6UkDoNpjpkarW+iXGP/V/S6+X93EhFXBMPvRohDeV1vANMfZu546yGEEJRrXJ1a\n7ZoQMscMh7Xy9kPILDNNB3SkaMWSOXKdBQVdKejkVXRrpQJI+5fvpUzdKqz9eiGXF52nUNmitHjk\nDpo80AEhvA8BeSM8KpIhv77F2i8XsPundTisdiq1rE2bWX0p27Dq1XQ9xz1GzOy/2fTdEq6cSaBI\nlZK0eqkH9Xq3yoGrKzjoikEnL6MrBz+wW2xIl8QckT1HskDitDmQLhdSyjQVvhCCer1bBaRyjihe\nmE6jHqTTqAd9phEGA00HdKTpgI7ZLu9GQVcMuY/FkoTBYMJsLtghVgKFrhzS4ezOoyx7fxYnNx0E\noFT9inQc8UBQwzQknr3I8ndnceDPGD589wMmPf4ebZ+5mwZ9WwdNJp3MoSuG3CUmZiE//vgWcXG7\nEQKio+9kwICxlC1bK9ii5Wn0OQcfnNt7nFkPvseJYvuRL7mQI1zE1TjGvKGfcHTtnqDIZEm4wnd3\nj2b/xa24nnFCOUjscIGlH85g4zdLgiKTjv/oE8+5z4YN85g06QnOnHkLlysJp/Msu3bdwpgx7YiP\nPxZs8fI0unLwwcpP5mG/RXMAC0EtntMAHF1sLP9gVlBkipm1AmvpZGRHF6SGc68Kjv421kz4BXtK\nJhaI1clVdKWQ+7hcLmbPHonNNhvojqruCiPlS1gsA1m48OMgS5i30ZWDD47+sxsaeTkQDfF7T2NN\nzP21mPcu24SjvhfHgxIgSho4FXMo12XSyRhdMQSHuLiDpKTYgTZpjrlcA9m69Y/cFyofoc85+EII\n8BawVgJSqlASuYwQAlw+DrrwGS1VJzjoSiG4CGFArYLmDQcGg+6gmR56beKDGp0aI2K8aIAdUOam\nKoRGZi66aSCo3/1WTP+Z0yqts0AClG9SI9dl0vGOrhiCT+nSNYiMLAr8meaY0fgNLVv2zn2h8hG6\ncvBBu+fvIWRrGPwjlGOXBdgIpr/NdBo5ICgyNb63HZGWohj+MMIFlJLYA6a5ZjqOvF8Pj51H0BVD\n3kAIwZAh4wgJGQTMQLntn8JgGElExEK6dXs+yBLmbXTl4IPi1coy+Oc3qR3RFONEE+JjA1Us9Xhw\n9qtBa6GbC4Ux6Kc3aVy/HSHfhcJpKLW3Ir0/fJJG/dsGRSada+jWSHmPRo3uZPjwedSsOQshoggJ\nqcctt8Tz1ltriIoqG2zx8jT6nEM6FK9elrsmDgu2GNcRHhVJl9GD6DJ6EGX3RfLwb++km97lcmHI\nYC7CmyNdTpJfVx/UyZ/UqdOWUaP0xlNmyTXlIIQoDjQDYqSU53Or3ILGhSNn+PmJ8Vw4eIZxY8cx\n7p5XaDGwK+1e7nc1jcvh4Nenv+TgqhhkioRQqNS8DvdMfh5z5DXv0KNr97Dy07mc2RKLMdRIrTua\n0uGleylSvkSOyH7grxhWTZhH/O5TfDzuY5bMXEC7F/sRXsz/xdLzInpvQacgkivDSkKIcsDvQEvg\nbyFEKS9pTEKIY0KIldrWMDdky08knr3I1G6vciHiDDwNlANndwfrv/udhS9MvppuarfXOLBtK/J+\nCW8AQ+D4yX1M6jgcl0uZOx1asY2fnviUM5WOwEiJ8ykH++I3Mb3PmyTF+bkCeSbY/uMqFrwyifj6\np+A1kKUkOw6sYfrdo4NiFhwI9GEknYJMbs051Aeel1K+CywFmnpJ0wiYI6Vsr23+L1l2g7B01HfI\nSi7ohVrlTQB1gUGwe+E6LInJHPlnJxdjz8IQoDLqCZcDBoAlJYmYmSuQUrL0rRk4etrUXQ8BIkHe\nLrHWSGH9lN8DKrfDamfF2B9w9LdBNMqh0AiuO50kF05g+4+rAlqejo5O9skV5SClXCalXC+EaIvq\nPazzkuwW4C4hxBohxCwhhD4f4sHRzbuUx7YnZYBisGPuP2ydsVypYs/YYiagGWz/aRWXjsaRkpgE\nXubVXY2d7F26KaByn952GIpqcnrgaGhn1x9rA1peTqP3GHRuBERuTQ4KNeP5Oaqt20tKecXjeAvg\nhJTytBDiC2CplHKBR5qhwFCAEqVLNpsw86uAyBZuMZIS5stZJu9wZvdRKCqvVvwVQytywnpC/TgH\nhUsWx5aUgtWZcm39aHcSweQwE1WpFPGHTyFLe3n2djAkGCldp1LA5LZdsXDxZByyxDUPvquyW8Bk\nMVOyRvmAlZdThCWWwGhMwunMn3Mk+VX2/Co35E3Z77mnwxYppbdm5nXkWutcKi30lBDibaAH8KNH\nkv+klKnBgfYCaUImSimnAFMAyjWqJnfUSQqIbA33RRKovHKSuWOnceTsTuivfo+rPY7h+4fDeeAr\nGLb5c05uPsD8ZybAi4DZ7WQnMBHaP3EvLe/syhdPjOFK5wSoen0ZhmUGGtVoR9degWsZ2y02Jj40\nEvtAK5S8XnbTbyHc2qU3rbr1CFh5OUX0yr5ERq4kKal9sEXJEvlV9vwqN+Rv2QM2rCSE8NZWTT02\nQggxSPsZBXib8ZwphGgshDACdwHbAyVbQaHrmMGIQ0LN2qT2uw4DM6Bm56ZEREVSq1MTipQrATNR\nntMA8cCPYDaG0eLRrgiDgU6vDcD0m1mpYRdgAbFGELInjFZDA1tRh4SZaft8X0xztdXipCpTLDMQ\ndq4QTR7oENDyAo0+jKRzI5KhchBCPKn9DRFCPOEjjQE4KIQo5iObKcBAIcRq1HTkCSGEp4H+GFSV\ntg1YJ6Vc5uc13DAUrVSKwb+MpvCp4vAxcArETwYa9+xA30nPXE336JL3qVw1Gr5B3dVJUKZQFR5b\nPu6qz0Pdbi3o8/GTlPivHOJ9A4ZPDFQzNGTwz29SpELgTVmbD+nCHa8OociaEoj3DXAW6pRszuD5\nowkrWijg5QUKXSno3KhkOOcghDgnpSyltei3SSkbavtLSCnjtf9LA4ellLk2uFauUTU5eOHogOSV\nX4aV3HFYbDQ+VJQd0Vd8Orm5XC6Sz18mongkBpPvEUS7xYbBaMAYkvOjjFJK7Ck2mh0rwY66efue\ne1MM+XmYIL/Knl/lhrwp+5AhImBzDslCiMZAW6CoEOIxYD8wXgjxiZTyO9TI9bbsCJwXSThxnjUT\nf2H/n1uRLhfV2jagzTN3U7JWhUznteqjn9k8awmORDvCLKjcIpo+XzxNWOGIjE92I/HsRX556nNO\n7zjMuPc+YsKgUdz2eG9aPnrn1TRSSnb9spZ1Xy/i8jFtDelBXWkyoCMG4zVFcnr7YVZ/Np+TG/dj\nDDUR3aMVtz3dm0Ili2RKJofNwaLnJ7P/7y1IqwtDhJGGPdvQ5Z1BaRSXEEIttxqEqLb+4qkUUlIS\nWbLoXTas/paXR49k5qTX6Hz329Srd3um8z58eBPz549l//6VmEzhtGrVn969X6FIkdJX01y+fI7f\nfnufdevm4nCkUKtWO/r2HUn16i2yfW06Ov7iz5yDC2WE2BwoBHRCzQmYgMeEEJ8CrYECZayecPwc\n03u/wa7Ta7ENSsH+iJUDlq3MuGcMZ3cdzVRePz8+gfXfLcTRxQ4vgnxQcvTEbia1ewGHxeZ3PskX\nEpnc8SVOJx+ChySUAVsbC39//CN/vjnzaroV7//Anx9/x4Wmp3E8ZSehzXlWfjePBc9/eTV0xdG1\nu5k9cCyxoTuxP2bDcl8y2/euZHqfN0i+kOi3TC6XiymdX2JfzCZkfxe8CK5eTrYvXcl3d432O5+8\ngqdisFqT+eTtWwhbOp6liedoKF08d3At08f3ZP36OZnKe/fuFYwd252dOztis+0mOXkFK1faeeON\n20hMVEEDkpLiefPN21i50kpy8nJstt3s2tWJsWO7s3v38oBdp45ORqSrHIQQEYBBSvmnlHIwcAx4\nBdXuswLtUFZFY4CfcljWXGXVpz9hbZCCvF1CMaAIyNsk9jZW/nr3e7/zuXwynoPLYuARoB5qBbeK\nwINgM1lY8+mvfuf15+szcJZyQD+gLOrp3QQMhJg5y7ElW0g4fo6Y2SuwP2hTTyYCtVrcfTYOr/uP\n09sOI6Vk8RvTcHSzKa+TSKAkuO5wklIuiY1T/V8EZedP/5J4/qJyuquqlVcLeATi9hzj+MZ9fucV\nLMZOj726DY5967pja9ZMo9r5WOY4rDRCtYgGAb/bkvlpxpM4HF4WX/KClJJp057HZvsaeBLV3qqN\n0zmRpKQO/PHHeAAWLx5PYmI7nM4vgDpauiex2b5h2rQX9LhUOrmGT+UghOgGnAEKu+2WuK0mIKW0\nA8dRlvenckjGoHDgzxhkMy8fYmM4vfkQtmT/luTc+M1SqIRSMO4YgZaw849//Zbp0LrtylXQc0im\nAlAEdsxbw4G/YpQXsudolRns9e3s+WMDCcfPceV8AtROW4aziYNdi9b7LdPWWctUxCyzx4EIoB5s\nmpo317Z2VwieDI5966qS+G/NdJ62Jae55c2B8i4Xhw75d6/OnTtCQsI5oGeaYw7HY6xf/zMAa9f+\njMPxuJccupOQcJ64OH21P53cIb05h13AA8BEIURt4DagOHC3dtwohJiFane+D9wHTMhBWXMV6XB5\nvztGQAikwz+nOafNrsJTeCMEXE5fS7t5kcklfT8xEzgsdhAgTT7yNEmcdgdOuxNhEt6bBiZw+Xlt\nAE6Hw/f1mcFpyzvOhd4UQXoMjn2Lb5OPp3E2TyVMgNPp37Cg02lHiFC83/RwnE771XRp3dsBDAgR\ndjWdjk5O47PnIKU8KqVcpP2sANyJ6kW0AHZq/28G+gDfc01pFAgq3lpbXaUn+6BYjdKEFvFvIrnx\nfe3gCOAZW04CMVCjlbeFqr1Tvl4N794fF4HzUP+uVlS9rR6GvUZweKRxQci+UGq0u4liVctgMobA\nibRZiV0GarRr7LdM0V1bKlMET33kAHZA/btv9TuvQOPeO8isYkilc926/GBMu5xkLLDX6aB69Zv9\nyqdMmZqEhEhgQ5pjBsMcGjfuAkDjxl0wGH7wksNGQkKclC3rpbuno5MD+OUEJ6X8G3gQOC2lvFdK\nORkwSik/lYp9QBXN36FA0P75/pjWmOE/lHexC9gPpqVmbn/5fr/zKdugKiVqllMeHOe0ncnAUhBn\nDXR47T6/8+r69mDltLYKNeMDajDve6jcqi6RpaMoU78KVVpGY5ofopQGQCIYfzdRvERZqrdrgMFo\noMPL92H61axqOQnYgU0Qst1Mq8fTDn344pYnu2NymOEXVQ6gyv0BwqMKU6/XLX7nFSiyoww8ebxl\nS5aFhvKeEFcvbyvQ3RzBHd1HEBbmn/W2wWDkvvvexmy+D/UAJWp5wa8wm6fQs+eLAPTs+SJm8xRg\nknZcAqsxm+/l3nvf0tc91sk1/DFllW5/3YMZdfNIdwgV//NkAOQKOmUbVuXeaS/x19sziF98GgxQ\nuEJxOn36INXb+9/aB3h44dv8OORjjk3Zo4al7FCofBT3/vYSEcULZ3h+KiVqlOOB70cyf9hnWFZf\ngQ+B6VC7U3N6f/7k1XR9PnuaVePmsX3aKqRBgl0S3etmOr72IEIzLW3YtzUGk4GVH88j5WIS0uGi\nbONq3PHDYIpVKe1dAC8YTCaG/vkBswe+z6UJceqNckDp+pW5/5dX/M4nuwRKGXhSslAhVj36KC8s\nXEj5o0d5Vwg+johgRLt2RPR6PVN5tW49EIPBxLx5j5GUFI/LZaVatVYMHryM0qVVFMTSpaszatRy\npk8fzpEjIzAYQomMLEG/fu9x663+N0p0dLKLP05wF1GjyhI1WGBBBWQ4hRqY2AD8AVyRUl7IUWnd\nyE0nuOQLiUini4iSRbK1Ypot2UL8wdMULluMyNI+o434xeXTF2h5tiw76yVjMnvX8Q6rneQLiYQX\niyQkzHPGWCGl5Mq5BEyhIdn2VE6+lMSlo3EUr142Q/+NQDke5pRS8MZli4UN9etz+4EDGDUl+13V\nNzOdj5SShIQzhISEUaiQr6ACcOXKRex2C0WLlg3ISn150SHLH/Kr3JA3ZQ+kE1x9ro1gC9RsWSGU\nMWVN4HZgHDANeMZbBvmdzLTu08McEUa5RtWylYfdYmPrjGVsm/c3tZ4eya+TvuO2J3tTrnH169Id\n+CuG9VMXceHIWQqXL8bNg++kXp9WaSoZIUS2FVUqEVGRRETlrJN8bioDT4qEhRFiNF5VDMB1pq/+\nKgohBFFR5Xwej48/xteTB3Pg4DZc0knJYuV5YOCHNGnSK+vCZxObzcI33zzM5s3LcTpTiIgoTq9e\nz3DHHS8ETSadnCVD5SCl9GWiuhtYAUzRwmdUDqRgOmlxWO3MHvA+56+cwNHajquYi0OG7RwdtIfe\nHz9BzU5NAPh34m9s+P537K1tcAtYziax9JPvOLZpL3e+93CQryJrBFMp+Mvg2Ley1JNwJz7+GCNe\naoTL1QkXS4Eozl+Yy4QJ9zN48Cd06PBYYITNBA6HgxdfrE9iYkmU7UlNkpNX8sMPL3H06A4ee2xa\nrsukk/NkewJZCBEC1JNSbg6APDrpsOvXtcRfPomjnx2qoFT7zeC428Yfr36Dy+ni8ukLrPtqIfYB\nNmiI8q+oC/YHrexesp4zO2ODeg2ZJZCTy7mBpxNdZvl68hBNMcxDeSjWRjIK+JbZ378WCBEzzaJF\n75KYKIDVQGegGvAQ8C/r1v3AxYsFysVJR8OfqKxntLWdvS3tCdAG+FEI8XFgRdPxZPsvq7E3saV9\nalXAGergVMwhDvy5FVFXXO+6CBAGzgZ2di/038EtmOQ3peCOuxNdZjlwcBsuXiKtp+M92J129u1b\nnW35Msvq1XOB54FQjyN1gJYsWaJ/+gURf+YcXKiADU5tNTejlNIBIIQwSylXCCEaooLxvZhzouo4\nLNa032cqYQKHxYbDYsMV6t0JToZK7Bb/PLuDRX5VCN5IVRCZGWqS0olaU9UTI4JCJCd7WwolZ7Hb\nHXiXCaAYVusVH8d08jP+DCtZpJQbgMVAESBGCOEUQjhRTnBIKeNwC6uhkzNUb90Y434v+vwyuE45\nKNeoGpVvqYtxv1H5ZrgjIeRgKNVubZArsmaW/NxTyIjM9CJKlaiASLNIIiiHmwSiozsFTC5/qVev\nGTDLy5EkYBmtWg3IZYl0cgO/5hyEEIVQblKp50RoWzP3ZIEVTceT5oM6Yzpgho1csx+Lh5D5ZpoO\n7kRokQjKNa5O2ejqGBea1LcLYAHDn0YKhxWnZsebgiS9bwqqUnDHXwVx/4BxSD4EZnNNw29H0JMW\nzXsSFpa5EO+B4P77P0GIf4HRKA9OUFbsvSlevCp16rTOdZl0ch5/lINA9Roqovxpa0sprdp6z7OF\nEH9oK7zpfcscJrJ0FAN/HEW5c9UwjjchzglCZoRxc99utB/e72q6e